Transformation matrices: 
STransG1
[[-1.000 0.000 0.000 757.709]
 [0.000 -1.000 0.000 333.496]
 [0.000 0.000 1.000 -1264.211]
 [0.000 0.000 0.000 1.000]]
STransG2
[[-1.000 0.000 0.000 695.788]
 [0.000 -1.000 0.000 276.452]
 [0.000 0.000 1.000 -1264.211]
 [0.000 0.000 0.000 1.000]]
STransG3
[[-1.000 0.000 0.000 641.770]
 [0.000 -1.000 0.000 286.874]
 [0.000 0.000 1.000 -1264.211]
 [0.000 0.000 0.000 1.000]]
STransG4
[[-1.000 0.000 0.000 782.651]
 [0.000 -1.000 0.000 237.363]
 [0.000 0.000 1.000 -1264.211]
 [0.000 0.000 0.000 1.000]]
STransG5
[[-1.000 0.000 0.000 753.489]
 [0.000 -1.000 0.000 118.650]
 [0.000 0.000 1.000 -1264.211]
 [0.000 0.000 0.000 1.000]]
STransG
[[-1.000 0.000 0.000 727.892]
 [0.000 -1.000 0.000 246.397]
 [0.000 0.000 1.000 -1264.211]
 [0.000 0.000 0.000 1.000]]

Calibration Statistics: 
Number of calibration points: 5

Screen Information: 
Width: 2560px, 1394mm
Height: 1440px, 784mm
Webcam Information: 
Width: 1280px
Height: 1024px
